10000,0.111614,0.819489,0.068895
10001,0.066627,0.799027,0.134346
10002,0.024733,0.632071,0.343196
10003,0.894166,0.10115,0.004684
10004,0.058307,0.903376,0.038317
10005,0.165709,0.747075,0.087217
10006,0.029009,0.82441,0.146581
10007,0.619213,0.367927,0.01286
10008,0.211313,0.650568,0.13812
10009,0.142469,0.834664,0.022867
10010,0.023721,0.073739,0.90254
10011,0.035932,0.141319,0.822749
10012,0.074121,0.867907,0.057972
10013,0.032549,0.234527,0.732924
10014,0.136561,0.830404,0.033035
10015,0.067676,0.313362,0.618962
10016,0.068918,0.596731,0.334351
10017,0.012618,0.402907,0.584475
10018,0.1054,0.323473,0.571128
10019,0.063769,0.892756,0.043474
10020,0.03824,0.584144,0.377616
10021,0.052954,0.4706,0.476446
10022,0.146579,0.487907,0.365514
10023,0.169529,0.640427,0.190045
10024,0.025977,0.126945,0.847078
10025,0.136858,0.84362,0.019521
10026,0.231936,0.365028,0.403036
10027,0.091558,0.835216,0.073226
10028,0.018161,0.468678,0.513161
10029,0.778014,0.201754,0.020233
10030,0.05285,0.223887,0.723262
10031,0.046698,0.285552,0.667749
10032,0.068698,0.670072,0.26123
10033,0.084625,0.883538,0.031837
10034,0.043056,0.874442,0.082502
10035,0.016467,0.60882,0.374713
10036,0.225142,0.700823,0.074035
10037,0.262022,0.629587,0.108391
10038,0.047922,0.900647,0.05143
10039,0.899287,0.098546,0.002168
10040,0.098744,0.153017,0.748239
10041,0.156664,0.825143,0.018193
10042,0.052679,0.292596,0.654726
10043,0.079238,0.863927,0.056835
10044,0.286552,0.552474,0.160974
10045,0.280961,0.692844,0.026195
10046,0.547144,0.43637,0.016485
10047,0.293728,0.67854,0.027732
10048,0.089564,0.807362,0.103074
10049,0.036415,0.483099,0.480486
10050,0.059127,0.886195,0.054678
10051,0.012321,0.595608,0.392071
10052,0.026752,0.399628,0.57362
10053,0.049659,0.213489,0.736852
10054,0.021942,0.694257,0.283801
10055,0.324089,0.413228,0.262683
10056,0.078232,0.883131,0.038636
10057,0.137952,0.81172,0.050327
10058,0.649909,0.34557,0.004522
10059,0.007867,0.350656,0.641478
10060,0.299748,0.686737,0.013515
10061,0.139307,0.804751,0.055942
10062,0.060926,0.229541,0.709533
10063,0.083396,0.879036,0.037568
10064,0.11981,0.85093,0.02926
10065,0.171133,0.316165,0.512701
10066,0.020074,0.078005,0.901921
10067,0.473556,0.504712,0.021732
10068,0.122387,0.688248,0.189366
10069,0.689621,0.293488,0.016892
10070,0.217477,0.769302,0.013222
10071,0.089334,0.83767,0.072996
10072,0.011671,0.212921,0.775408
10073,0.164263,0.811999,0.023738
10074,0.132913,0.821537,0.045551
10075,0.170527,0.81169,0.017783
10076,0.017819,0.098892,0.883289
10077,0.055843,0.254746,0.689411
10078,0.548107,0.442102,0.009791
10079,0.024343,0.112554,0.863103
10080,0.057551,0.216701,0.725748
10081,0.535044,0.454196,0.01076
10082,0.184234,0.700733,0.115033
10083,0.021593,0.099961,0.878446
10084,0.451213,0.447993,0.100795
10085,0.134657,0.787566,0.077778
10086,0.070092,0.835678,0.09423
10087,0.101682,0.859868,0.03845
10088,0.042703,0.166454,0.790843
10089,0.012542,0.78642,0.201037
10090,0.13418,0.662558,0.203262
10091,0.050951,0.768648,0.180401
10092,0.093706,0.556689,0.349604
10093,0.080713,0.842803,0.076484
10094,0.119612,0.472018,0.408371
10095,0.01698,0.187449,0.795571
10096,0.723546,0.267151,0.009304
10097,0.150629,0.64988,0.19949
10098,0.145741,0.817028,0.037231
10099,0.131395,0.7346,0.134004
10100,0.016496,0.338757,0.644747
10101,0.124155,0.826029,0.049816
10102,0.090859,0.57119,0.337951
10103,0.019904,0.06775,0.912346
10104,0.051662,0.538879,0.40946
10105,0.031011,0.171578,0.797411
10106,0.02188,0.110709,0.867412
10107,0.035303,0.283654,0.681044
10108,0.094622,0.855809,0.049569
10109,0.014095,0.561862,0.424043
10110,0.043044,0.121814,0.835143
10111,0.182154,0.762741,0.055104
10112,0.026896,0.226831,0.746274
10113,0.056704,0.231895,0.711401
10114,0.255417,0.719649,0.024935
10115,0.026769,0.123983,0.849248
10116,0.209401,0.764453,0.026146
10117,0.573703,0.398941,0.027356
10118,0.145816,0.831959,0.022225
10119,0.650597,0.322961,0.026442
10120,0.700972,0.296115,0.002912
10121,0.061991,0.391575,0.546433
10122,0.1282,0.735242,0.136559
10123,0.362822,0.625065,0.012113
10124,0.106682,0.868819,0.0245
10125,0.040631,0.390686,0.568683
10126,0.052344,0.893624,0.054033
10127,0.032468,0.415296,0.552237
10128,0.134895,0.604766,0.260339
10129,0.034051,0.637941,0.328007
10130,0.077317,0.713495,0.209189
10131,0.07206,0.876133,0.051807
10132,0.285108,0.695598,0.019294
10133,0.082723,0.850235,0.067042
10134,0.026471,0.162845,0.810685
10135,0.026651,0.466825,0.506524
10136,0.785748,0.203499,0.010754
10137,0.302302,0.361203,0.336494
10138,0.084476,0.863864,0.051661
10139,0.030025,0.504233,0.465741
10140,0.102036,0.677405,0.220559
10141,0.337988,0.638043,0.023969
10142,0.085721,0.86549,0.048789
10143,0.043768,0.233875,0.722357
10144,0.076455,0.891155,0.032391
10145,0.094495,0.285575,0.61993
10146,0.147864,0.696664,0.155472
10147,0.038283,0.903795,0.057922
10148,0.050659,0.267272,0.682068
10149,0.025096,0.638295,0.336609
10150,0.098606,0.766339,0.135055
10151,0.054547,0.554653,0.390799
10152,0.024631,0.390254,0.585115
10153,0.028706,0.603087,0.368207
10154,0.90586,0.092208,0.001932
10155,0.066475,0.844186,0.08934
10156,0.162105,0.750232,0.087663
10157,0.547386,0.445536,0.007078
10158,0.174036,0.788064,0.037899
10159,0.903739,0.091956,0.004306
10160,0.032143,0.877455,0.090402
10161,0.023474,0.100574,0.875953
10162,0.90304,0.083353,0.013607
10163,0.070982,0.696383,0.232635
10164,0.035932,0.177178,0.78689
10165,0.018988,0.06959,0.911421
10166,0.598443,0.380212,0.021345
10167,0.064558,0.56746,0.367982
10168,0.049363,0.811703,0.138935
10169,0.640992,0.340026,0.018982
10170,0.039583,0.085007,0.87541
10171,0.68583,0.277377,0.036793
10172,0.02622,0.336012,0.637767
10173,0.228985,0.499374,0.271641
10174,0.025256,0.118137,0.856607
10175,0.375269,0.528783,0.095948
10176,0.068482,0.831129,0.10039
10177,0.083562,0.841775,0.074662
10178,0.197133,0.727882,0.074985
10179,0.020464,0.103907,0.875629
10180,0.117015,0.791262,0.091722
10181,0.024127,0.279243,0.69663
10182,0.249119,0.731078,0.019803
10183,0.022422,0.093773,0.883806
10184,0.29379,0.698836,0.007375
10185,0.038612,0.448501,0.512887
10186,0.514637,0.471167,0.014197
10187,0.040343,0.120248,0.839409
10188,0.026263,0.270669,0.703068
10189,0.027784,0.429655,0.542561
10190,0.393728,0.602778,0.003493
10191,0.603145,0.36667,0.030184
10192,0.030473,0.832934,0.136593
10193,0.937716,0.060094,0.002191
10194,0.109399,0.804604,0.085997
10195,0.021282,0.222158,0.75656
10196,0.14574,0.808544,0.045715
10197,0.170674,0.6766,0.152725
10198,0.251691,0.707601,0.040708
10199,0.287766,0.693889,0.018345
10200,0.074505,0.831374,0.094121
10201,0.056541,0.891801,0.051658
10202,0.013427,0.214279,0.772293
10203,0.015856,0.598008,0.386136
10204,0.032648,0.850714,0.116638
10205,0.600283,0.358227,0.04149
10206,0.182031,0.791342,0.026627
10207,0.206348,0.780216,0.013437
10208,0.071966,0.830055,0.097978
10209,0.042432,0.804665,0.152902
10210,0.051808,0.331218,0.616974
10211,0.051091,0.899892,0.049017
10212,0.141316,0.799683,0.059002
10213,0.370443,0.572964,0.056593
10214,0.061319,0.885054,0.053627
10215,0.041388,0.379723,0.57889
10216,0.117651,0.754428,0.127921
10217,0.211794,0.759462,0.028744
10218,0.052552,0.900305,0.047142
10219,0.916474,0.079542,0.003984
10220,0.045056,0.189764,0.76518
10221,0.447291,0.52357,0.02914
10222,0.025255,0.076803,0.897942
10223,0.033828,0.266047,0.700125
10224,0.091736,0.377343,0.530921
10225,0.040553,0.385885,0.573562
10226,0.022559,0.055509,0.921932
10227,0.007303,0.311335,0.681362
10228,0.25003,0.730434,0.019536
10229,0.093854,0.825783,0.080362
10230,0.131858,0.799544,0.068597
10231,0.079532,0.794264,0.126204
10232,0.037042,0.43166,0.531298
10233,0.850578,0.141148,0.008274
10234,0.108479,0.755032,0.136489
10235,0.090527,0.787478,0.121995
10236,0.027493,0.077891,0.894616
10237,0.018909,0.254529,0.726562
10238,0.120619,0.857828,0.021553
10239,0.100555,0.79849,0.100955
10240,0.032991,0.232262,0.734747
10241,0.09911,0.700243,0.200647
10242,0.138543,0.619636,0.24182
10243,0.702936,0.295641,0.001423
10244,0.026072,0.205853,0.768075
10245,0.039526,0.4108,0.549674
10246,0.094178,0.673369,0.232453
10247,0.846073,0.142234,0.011693
10248,0.080927,0.451951,0.467122
10249,0.101438,0.778616,0.119945
10250,0.027681,0.537425,0.434894
10251,0.146283,0.779568,0.074149
10252,0.042081,0.706746,0.251173
10253,0.244375,0.734329,0.021296
10254,0.018948,0.270782,0.710271
10255,0.048964,0.878478,0.072557
10256,0.043678,0.79965,0.156672
10257,0.024052,0.212284,0.763665
10258,0.056059,0.739145,0.204796
10259,0.031762,0.242264,0.725973
10260,0.048225,0.136512,0.815263
10261,0.216987,0.601595,0.181418
10262,0.100004,0.861187,0.038809
10263,0.306468,0.640452,0.053079
10264,0.077443,0.881326,0.041231
10265,0.012977,0.482159,0.504865
10266,0.052999,0.881725,0.065276
10267,0.101715,0.836302,0.061982
10268,0.206936,0.72897,0.064094
10269,0.267523,0.714788,0.017688
10270,0.847583,0.145678,0.006739
10271,0.154358,0.810848,0.034794
10272,0.041632,0.837265,0.121103
10273,0.047439,0.903604,0.048956
10274,0.897043,0.100764,0.002193
10275,0.688249,0.306156,0.005594
10276,0.068418,0.88479,0.046792
10277,0.1863,0.438978,0.374723
10278,0.475018,0.406407,0.118575
10279,0.016429,0.342209,0.641362
10280,0.079318,0.782068,0.138614
10281,0.69358,0.28277,0.023651
10282,0.166542,0.319335,0.514123
10283,0.206258,0.763502,0.03024
10284,0.066617,0.328661,0.604721
10285,0.019457,0.115187,0.865355
10286,0.102222,0.425368,0.47241
10287,0.083382,0.817978,0.09864
10288,0.046031,0.674419,0.279549
10289,0.011376,0.293082,0.695542
10290,0.04646,0.558495,0.395045
10291,0.113092,0.840295,0.046613
10292,0.017924,0.566402,0.415674
10293,0.364559,0.622656,0.012785
10294,0.165199,0.557041,0.27776
10295,0.053067,0.823117,0.123816
10296,0.084865,0.835006,0.080129
10297,0.548726,0.445879,0.005394
10298,0.292428,0.605342,0.10223
10299,0.10088,0.84625,0.05287
10300,0.325622,0.646386,0.027992
10301,0.119544,0.4909,0.389556
10302,0.015862,0.147726,0.836413
10303,0.113104,0.466701,0.420195
10304,0.035193,0.375482,0.589325
10305,0.597352,0.400606,0.002043
10306,0.088931,0.861803,0.049265
10307,0.584155,0.385814,0.030032
10308,0.027207,0.094907,0.877886
10309,0.032396,0.645768,0.321837
10310,0.014525,0.185734,0.799741
10311,0.076519,0.397721,0.52576
10312,0.087149,0.866675,0.046177
10313,0.051098,0.292173,0.656729
10314,0.07504,0.866558,0.058402
10315,0.037507,0.357725,0.604768
10316,0.023213,0.512396,0.46439
10317,0.079542,0.888831,0.031627
10318,0.072032,0.441214,0.486754
10319,0.048848,0.903089,0.048064
10320,0.117756,0.795847,0.086397
10321,0.114875,0.537365,0.347759
10322,0.026331,0.119135,0.854534
10323,0.02018,0.243138,0.736682
10324,0.039238,0.903568,0.057194
10325,0.111155,0.122011,0.766833
10326,0.046117,0.154647,0.799236
10327,0.258621,0.363573,0.377806
10328,0.055454,0.901057,0.043488
10329,0.095039,0.794933,0.110028
10330,0.02815,0.192744,0.779106
10331,0.083476,0.878348,0.038176
10332,0.023051,0.132825,0.844124
10333,0.025826,0.055974,0.9182
10334,0.081519,0.777445,0.141035
10335,0.106245,0.310775,0.582981
10336,0.438163,0.476489,0.085349
10337,0.212406,0.736841,0.050754
10338,0.12261,0.83545,0.04194
10339,0.670084,0.295016,0.034901
10340,0.80021,0.196016,0.003774
10341,0.416974,0.497505,0.085521
10342,0.08676,0.219173,0.694068
10343,0.299382,0.481482,0.219136
10344,0.050604,0.172169,0.777228
10345,0.010981,0.179944,0.809075
10346,0.060913,0.424034,0.515053
10347,0.055837,0.893138,0.051025
10348,0.017259,0.252053,0.730687
10349,0.140817,0.832546,0.026637
10350,0.047263,0.129839,0.822898
10351,0.083248,0.528946,0.387806
10352,0.520305,0.4497,0.029995
10353,0.021837,0.137731,0.840432
10354,0.109203,0.743945,0.146851
10355,0.116846,0.799606,0.083548
10356,0.020401,0.360429,0.61917
10357,0.570363,0.424234,0.005403
10358,0.467527,0.328746,0.203727
10359,0.038788,0.897859,0.063353
10360,0.225067,0.733236,0.041697
10361,0.043318,0.641864,0.314818
10362,0.091124,0.862335,0.04654
10363,0.090912,0.795977,0.113112
10364,0.596711,0.388209,0.01508
10365,0.192577,0.593015,0.214408
10366,0.030352,0.13209,0.837557
10367,0.730934,0.217218,0.051849
10368,0.019846,0.757634,0.22252
10369,0.092691,0.742529,0.16478
10370,0.686057,0.295113,0.01883
10371,0.636829,0.348934,0.014238
10372,0.047753,0.903317,0.04893
10373,0.141671,0.457134,0.401193
10374,0.02894,0.727251,0.243809
10375,0.066682,0.880169,0.053148
10376,0.716445,0.266138,0.017416
10377,0.028046,0.188503,0.783451
10378,0.0221,0.05656,0.92134
10379,0.019262,0.125868,0.854869
10380,0.194397,0.747523,0.058079
10381,0.039946,0.113905,0.846148
10382,0.305446,0.618672,0.075883
10383,0.087428,0.864258,0.048315
10384,0.737862,0.26012,0.002018
10385,0.912316,0.084213,0.003471
10386,0.032678,0.102313,0.865008
10387,0.053349,0.88433,0.062322
10388,0.155582,0.797966,0.046451
10389,0.032633,0.765122,0.202246
10390,0.049845,0.894154,0.056001
10391,0.018739,0.294496,0.686765
10392,0.073332,0.491495,0.435173
10393,0.028999,0.078071,0.89293
10394,0.031502,0.174705,0.793793
10395,0.095288,0.77917,0.125542
10396,0.811501,0.184563,0.003936
10397,0.061497,0.776577,0.161926
10398,0.468886,0.487028,0.044086
10399,0.021556,0.152278,0.826167
10400,0.079215,0.866083,0.054702
10401,0.241666,0.74672,0.011614
10402,0.857746,0.125986,0.016268
10403,0.016022,0.178669,0.80531
10404,0.098148,0.688322,0.21353
10405,0.871806,0.122296,0.005897
10406,0.101011,0.864035,0.034954
10407,0.783922,0.210163,0.005915
10408,0.363559,0.620783,0.015657
10409,0.158977,0.793388,0.047634
10410,0.104517,0.854554,0.04093
10411,0.064698,0.874602,0.0607
10412,0.207447,0.695344,0.097209
10413,0.116857,0.85,0.033143
10414,0.045542,0.302554,0.651903
10415,0.201493,0.77236,0.026147
10416,0.030828,0.095519,0.873652
10417,0.244096,0.630705,0.1252
10418,0.03573,0.864549,0.099721
10419,0.032257,0.269144,0.698599
10420,0.766911,0.212572,0.020518
10421,0.08028,0.886653,0.033067
10422,0.118501,0.833515,0.047984
10423,0.083368,0.854074,0.062557
10424,0.020506,0.069016,0.910479
10425,0.310728,0.649064,0.040208
10426,0.107119,0.705383,0.187498
10427,0.022448,0.747821,0.22973
10428,0.018523,0.159228,0.82225
10429,0.126547,0.669183,0.204269
10430,0.032621,0.368092,0.599288
10431,0.741652,0.238066,0.020282
10432,0.025204,0.135371,0.839425
10433,0.047835,0.872999,0.079167
10434,0.017124,0.065054,0.917822
10435,0.038614,0.295377,0.666009
10436,0.086727,0.832907,0.080366
10437,0.068516,0.731871,0.199613
10438,0.024688,0.121746,0.853567
10439,0.050991,0.177355,0.771653
10440,0.087484,0.143458,0.769058
10441,0.030841,0.687995,0.281164
10442,0.013607,0.385476,0.600917
10443,0.024002,0.193906,0.782092
10444,0.074462,0.867046,0.058493
10445,0.574788,0.184377,0.240835
10446,0.666721,0.305563,0.027716
10447,0.101195,0.82984,0.068965
10448,0.026881,0.151791,0.821328
10449,0.199288,0.544886,0.255826
10450,0.100761,0.481263,0.417975
10451,0.731229,0.231183,0.037588
10452,0.04854,0.902916,0.048544
10453,0.314345,0.670774,0.014881
10454,0.169305,0.785323,0.045372
10455,0.107929,0.813915,0.078157
10456,0.074943,0.758721,0.166335
10457,0.044554,0.266078,0.689368
10458,0.20486,0.669847,0.125293
10459,0.020747,0.052406,0.926848
10460,0.30503,0.663603,0.031367
10461,0.792825,0.186429,0.020746
10462,0.043442,0.233063,0.723494
10463,0.049252,0.90198,0.048769
10464,0.031871,0.225078,0.74305
10465,0.012152,0.194871,0.792977
10466,0.097376,0.447921,0.454703
10467,0.392522,0.586629,0.020849
10468,0.111802,0.640094,0.248104
10469,0.025802,0.087058,0.88714
10470,0.165098,0.556624,0.278278
10471,0.0427,0.357762,0.599539
10472,0.431817,0.51414,0.054043
10473,0.050512,0.766634,0.182854
10474,0.043421,0.226165,0.730414
10475,0.161959,0.726919,0.111123
10476,0.124631,0.200461,0.674908
10477,0.02646,0.102868,0.870672
10478,0.033096,0.201455,0.765449
10479,0.177622,0.746704,0.075674
10480,0.043179,0.833069,0.123751
10481,0.036536,0.073093,0.890371
10482,0.094233,0.264937,0.64083
10483,0.056328,0.433024,0.510648
10484,0.045591,0.79333,0.161078
10485,0.066466,0.354232,0.579302
10486,0.366851,0.618223,0.014927
10487,0.488361,0.425021,0.086619
10488,0.037512,0.73805,0.224439
10489,0.141273,0.826076,0.032651
10490,0.065905,0.893242,0.040853
10491,0.876442,0.112001,0.011557
10492,0.108194,0.675029,0.216777
10493,0.094088,0.79341,0.112502
10494,0.065834,0.898089,0.036077
10495,0.453495,0.500024,0.046481
10496,0.062607,0.33703,0.600363
10497,0.027963,0.080263,0.891775
10498,0.021292,0.19159,0.787118
10499,0.053231,0.476757,0.470012
10500,0.04332,0.612265,0.344415
10501,0.168777,0.704135,0.127088
10502,0.060017,0.413777,0.526207
10503,0.024175,0.083514,0.892311
10504,0.092395,0.835844,0.071762
10505,0.020743,0.06658,0.912677
10506,0.763084,0.231015,0.005901
10507,0.025388,0.84361,0.131003
10508,0.125635,0.794061,0.080304
10509,0.06323,0.785463,0.151307
10510,0.024933,0.11207,0.862997
10511,0.036289,0.187908,0.775803
10512,0.03323,0.195434,0.771336
10513,0.171607,0.787344,0.041049
10514,0.494093,0.427994,0.077913
10515,0.095326,0.867498,0.037176
10516,0.030251,0.876907,0.092842
10517,0.037583,0.344598,0.617819
10518,0.044364,0.187823,0.767814
10519,0.060328,0.895189,0.044483
10520,0.036159,0.280364,0.683477
10521,0.054826,0.66571,0.279464
10522,0.059708,0.886214,0.054078
10523,0.052904,0.642067,0.305029
10524,0.821665,0.175339,0.002998
10525,0.032767,0.131576,0.835658
10526,0.166269,0.728416,0.105315
10527,0.025041,0.143846,0.831112
10528,0.106824,0.858865,0.034311
10529,0.056181,0.892646,0.051172
10530,0.065736,0.787189,0.147075
10531,0.014365,0.10394,0.881695
10532,0.751903,0.230626,0.017471
10533,0.013221,0.116344,0.870434
10534,0.307622,0.639417,0.052961
10535,0.521484,0.454193,0.024323
10536,0.07905,0.828089,0.092861
10537,0.715972,0.255744,0.028284
10538,0.102809,0.789967,0.107224
10539,0.066492,0.879137,0.054371
10540,0.030193,0.295326,0.674481
10541,0.18225,0.747509,0.07024
10542,0.529896,0.459641,0.010463
10543,0.580647,0.40308,0.016273
10544,0.707346,0.229392,0.063261
10545,0.878054,0.115562,0.006383
10546,0.110677,0.77442,0.114903
10547,0.043644,0.892896,0.06346
10548,0.176315,0.78275,0.040935
10549,0.028252,0.573276,0.398472
10550,0.083013,0.777357,0.13963
10551,0.023962,0.833153,0.142885
10552,0.063483,0.817026,0.119492
10553,0.025093,0.075279,0.899628
10554,0.082406,0.835727,0.081867
10555,0.061998,0.892025,0.045977
10556,0.017755,0.198709,0.783535
10557,0.467218,0.449975,0.082806
10558,0.034237,0.122634,0.843129
10559,0.017904,0.120118,0.861978
10560,0.229454,0.702028,0.068518
10561,0.022869,0.18743,0.789701
10562,0.018206,0.076458,0.905336
10563,0.025366,0.113396,0.861238
10564,0.248903,0.737562,0.013534
10565,0.304393,0.424129,0.271477
10566,0.807523,0.188527,0.00395
10567,0.108245,0.52665,0.365105
10568,0.07303,0.140465,0.786505
10569,0.058417,0.879104,0.062479
10570,0.07089,0.88932,0.03979
10571,0.019758,0.053541,0.9267
10572,0.040397,0.305756,0.653847
10573,0.034808,0.886904,0.078288
10574,0.324644,0.363507,0.311848
10575,0.10829,0.321605,0.570105
10576,0.043357,0.824703,0.13194
10577,0.13285,0.841369,0.02578
10578,0.032491,0.833031,0.134478
10579,0.033016,0.295733,0.671251
10580,0.46445,0.426492,0.109058
10581,0.055906,0.85822,0.085874
10582,0.240233,0.695219,0.064548
10583,0.016803,0.067477,0.91572
10584,0.019926,0.105384,0.87469
10585,0.031694,0.093094,0.875212
10586,0.081379,0.793927,0.124694
10587,0.281189,0.70992,0.00889
10588,0.105095,0.583398,0.311507
10589,0.832419,0.165694,0.001886
10590,0.511505,0.376976,0.11152
10591,0.034242,0.207781,0.757977
10592,0.054846,0.83499,0.110164
10593,0.027848,0.108572,0.86358
10594,0.665539,0.328064,0.006396
10595,0.025732,0.066196,0.908072
10596,0.202285,0.748548,0.049167
10597,0.05904,0.653938,0.287022
10598,0.009577,0.27927,0.711153
10599,0.36552,0.611663,0.022817
10600,0.161662,0.806024,0.032314
10601,0.304088,0.631335,0.064576
10602,0.067497,0.818371,0.114133
10603,0.283988,0.664937,0.051075
10604,0.047552,0.56145,0.390998
10605,0.448737,0.497965,0.053298
10606,0.587174,0.332484,0.080341
10607,0.038081,0.347865,0.614054
10608,0.021845,0.114725,0.863431
10609,0.10447,0.718311,0.177219
10610,0.07636,0.143977,0.779663
10611,0.050279,0.894324,0.055396
10612,0.076771,0.349247,0.573983
10613,0.020045,0.589263,0.390692
10614,0.052587,0.27977,0.667643
10615,0.025116,0.133981,0.840904
10616,0.160566,0.809444,0.029989
10617,0.021595,0.12975,0.848655
10618,0.022398,0.113967,0.863635
10619,0.054806,0.781065,0.164129
10620,0.388182,0.543563,0.068255
10621,0.07095,0.755727,0.173322
10622,0.031259,0.153321,0.81542
10623,0.080698,0.658663,0.260638
10624,0.04766,0.521812,0.430528
10625,0.070508,0.337153,0.59234
10626,0.231734,0.740752,0.027514
10627,0.110661,0.771961,0.117378
10628,0.031297,0.301738,0.666965
10629,0.480548,0.466532,0.05292
10630,0.026283,0.329484,0.644233
10631,0.015938,0.085145,0.898918
10632,0.06607,0.898288,0.035641
10633,0.219,0.762907,0.018093
10634,0.089868,0.556445,0.353688
10635,0.16898,0.818449,0.012571
10636,0.054307,0.893939,0.051755
10637,0.097818,0.200755,0.701427
10638,0.029233,0.618604,0.352163
10639,0.117169,0.733004,0.149827
10640,0.064987,0.319239,0.615773
10641,0.591606,0.391155,0.017239
10642,0.095425,0.854472,0.050103
10643,0.234544,0.737069,0.028388
10644,0.093464,0.875713,0.030824
10645,0.104346,0.784811,0.110843
10646,0.038892,0.201559,0.759549
10647,0.919211,0.075694,0.005095
10648,0.02756,0.120842,0.851597
10649,0.390711,0.46348,0.145809
10650,0.604442,0.387463,0.008095
10651,0.822731,0.172087,0.005182
10652,0.10338,0.530139,0.366481
10653,0.10973,0.808986,0.081283
10654,0.171947,0.637615,0.190439
10655,0.012887,0.119623,0.86749
10656,0.043889,0.804288,0.151824
10657,0.022764,0.149666,0.82757
10658,0.112953,0.83246,0.054587
10659,0.25341,0.72599,0.0206
10660,0.037678,0.834682,0.12764
10661,0.066482,0.872378,0.06114
10662,0.043562,0.513804,0.442634
10663,0.10371,0.501075,0.395215
10664,0.764289,0.227207,0.008503
10665,0.379269,0.573712,0.047019
10666,0.086529,0.870338,0.043133
10667,0.088684,0.870268,0.041048
10668,0.02855,0.088796,0.882654
10669,0.111678,0.685864,0.202459
10670,0.175733,0.808708,0.01556
10671,0.233114,0.669525,0.097361
10672,0.029354,0.666401,0.304245
10673,0.058766,0.823108,0.118126
10674,0.545141,0.425929,0.02893
10675,0.916761,0.080041,0.003199
10676,0.345942,0.64252,0.011539
10677,0.110476,0.824791,0.064733
10678,0.041541,0.559234,0.399225
10679,0.084118,0.67542,0.240462
10680,0.517416,0.470712,0.011872
10681,0.157242,0.794364,0.048395
10682,0.016004,0.298853,0.685144
10683,0.01417,0.083905,0.901924
10684,0.117837,0.702515,0.179648
10685,0.062943,0.887672,0.049385
10686,0.073638,0.734294,0.192068
10687,0.032419,0.560964,0.406617
10688,0.196219,0.628411,0.17537
10689,0.027054,0.126081,0.846866
10690,0.163547,0.815641,0.020812
10691,0.174997,0.631355,0.193648
10692,0.084801,0.885444,0.029754
10693,0.011746,0.114114,0.87414
10694,0.872062,0.122463,0.005475
10695,0.022053,0.044816,0.933131
10696,0.591713,0.373042,0.035244
10697,0.027896,0.102402,0.869702
10698,0.047501,0.904683,0.047816
10699,0.075551,0.741761,0.182689
10700,0.04312,0.096748,0.860132
10701,0.033217,0.149542,0.817241
10702,0.13717,0.565257,0.297573
10703,0.734351,0.247973,0.017676
10704,0.559908,0.428963,0.011129
10705,0.076276,0.864358,0.059366
10706,0.10764,0.749825,0.142536
10707,0.030213,0.520863,0.448925
10708,0.075797,0.866062,0.058141
10709,0.259166,0.697885,0.04295
10710,0.46716,0.523373,0.009468
10711,0.017638,0.13489,0.847472
10712,0.207712,0.740827,0.051461
10713,0.125797,0.842992,0.031212
10714,0.050671,0.588874,0.360455
10715,0.047594,0.382602,0.569804
10716,0.04478,0.745589,0.209631
10717,0.153156,0.81639,0.030454
10718,0.063318,0.684122,0.25256
10719,0.081838,0.120547,0.797616
10720,0.120886,0.325942,0.553173
10721,0.093492,0.392628,0.51388
10722,0.022827,0.11883,0.858343
10723,0.093283,0.868514,0.038203
10724,0.047945,0.122276,0.829779
10725,0.02661,0.248059,0.725332
10726,0.091998,0.881303,0.026699
10727,0.031651,0.095809,0.87254
10728,0.0488,0.899585,0.051615
10729,0.456525,0.526312,0.017163
10730,0.020203,0.127607,0.85219
10731,0.055162,0.880853,0.063986
10732,0.739419,0.221614,0.038967
10733,0.399682,0.552557,0.047761
10734,0.861669,0.130712,0.00762
10735,0.252957,0.594548,0.152495
10736,0.127766,0.694415,0.17782
10737,0.839528,0.147672,0.0128
10738,0.035251,0.88583,0.078919
10739,0.099384,0.831865,0.068751
10740,0.057184,0.316059,0.626757
10741,0.019751,0.115395,0.864854
10742,0.147011,0.829067,0.023922
10743,0.024279,0.228374,0.747347
10744,0.13672,0.837765,0.025514
10745,0.479873,0.493644,0.026483
10746,0.384936,0.602688,0.012376
10747,0.336445,0.652096,0.011458
10748,0.047148,0.902775,0.050076
10749,0.065709,0.86445,0.069841
10750,0.019124,0.154614,0.826261
10751,0.028345,0.095629,0.876026
10752,0.037685,0.822928,0.139387
10753,0.011429,0.141461,0.847109
10754,0.026671,0.153041,0.820288
10755,0.14417,0.741406,0.114424
10756,0.75379,0.22736,0.01885
10757,0.319526,0.478648,0.201826
10758,0.8556,0.115948,0.028452
10759,0.108916,0.321945,0.56914
10760,0.047657,0.858043,0.094299
10761,0.087534,0.090125,0.822341
10762,0.031124,0.559114,0.409762
10763,0.930991,0.065125,0.003885
10764,0.046195,0.689697,0.264108
10765,0.054531,0.829095,0.116373
10766,0.030684,0.148798,0.820518
10767,0.085783,0.196944,0.717273
10768,0.692303,0.297637,0.01006
10769,0.016624,0.282492,0.700884
10770,0.561842,0.423911,0.014247
10771,0.038504,0.154607,0.806889
10772,0.021374,0.065161,0.913466
10773,0.51379,0.481075,0.005135
10774,0.00919,0.509443,0.481367
10775,0.784025,0.211125,0.004851
10776,0.051814,0.196341,0.751845
10777,0.144041,0.829097,0.026861
10778,0.036286,0.352358,0.611356
10779,0.797194,0.193985,0.008822
10780,0.07148,0.846079,0.08244
10781,0.020546,0.902705,0.076749
10782,0.646455,0.345805,0.00774
10783,0.061133,0.504717,0.43415
10784,0.199798,0.734575,0.065628
10785,0.098671,0.844485,0.056844
10786,0.822758,0.167541,0.009701
10787,0.024912,0.11854,0.856548
10788,0.161546,0.706289,0.132165
10789,0.023531,0.074859,0.90161
10790,0.029778,0.100815,0.869407
10791,0.064076,0.276196,0.659728
10792,0.027132,0.074218,0.898651
10793,0.09483,0.862942,0.042228
10794,0.076898,0.783239,0.139863
10795,0.502574,0.483711,0.013715
10796,0.133755,0.841684,0.024561
10797,0.114293,0.866117,0.019589
10798,0.717638,0.267707,0.014655
10799,0.077089,0.814635,0.108276
10800,0.047843,0.902092,0.050064
10801,0.047033,0.494575,0.458392
10802,0.307559,0.617857,0.074584
10803,0.020278,0.095468,0.884254
10804,0.079221,0.388251,0.532527
10805,0.106438,0.80206,0.091502
10806,0.908157,0.085171,0.006672
10807,0.02647,0.659864,0.313666
10808,0.541123,0.434402,0.024474
10809,0.514868,0.430186,0.054946
10810,0.13005,0.808805,0.061145
10811,0.050192,0.589496,0.360311
10812,0.047995,0.696742,0.255263
10813,0.103717,0.8457,0.050583
10814,0.027023,0.788498,0.184479
10815,0.056415,0.825087,0.118498
10816,0.125783,0.577754,0.296463
10817,0.050056,0.74213,0.207814
10818,0.235215,0.74442,0.020366
10819,0.077597,0.854903,0.0675
10820,0.050393,0.481891,0.467716
10821,0.068196,0.383573,0.548231
10822,0.723422,0.188459,0.08812
10823,0.165911,0.815118,0.018971
10824,0.253637,0.736776,0.009587
10825,0.120442,0.72813,0.151428
10826,0.085064,0.318894,0.596041
10827,0.018534,0.405612,0.575854
10828,0.177713,0.710304,0.111982
10829,0.117901,0.310968,0.571131
10830,0.053128,0.279938,0.666933
10831,0.06049,0.897387,0.042123
10832,0.080676,0.487576,0.431748
10833,0.320368,0.660378,0.019254
10834,0.041589,0.46532,0.493091
10835,0.409386,0.575923,0.014691
10836,0.018457,0.172561,0.808981
10837,0.056072,0.845533,0.098395
10838,0.045298,0.447509,0.507193
10839,0.06061,0.895196,0.044193
10840,0.312381,0.658884,0.028734
10841,0.073987,0.786907,0.139106
10842,0.097378,0.475758,0.426864
10843,0.061784,0.61739,0.320826
10844,0.05241,0.248219,0.699371
10845,0.149715,0.822404,0.02788
10846,0.08815,0.752198,0.159652
10847,0.151431,0.810484,0.038085
10848,0.035888,0.400272,0.56384
10849,0.51301,0.481366,0.005624
10850,0.54022,0.445953,0.013827
10851,0.06087,0.78842,0.15071
10852,0.453767,0.522454,0.023778
10853,0.016288,0.144735,0.838977
10854,0.064083,0.776641,0.159276
10855,0.121534,0.820546,0.05792
10856,0.040481,0.561061,0.398459
10857,0.019879,0.265702,0.714419
10858,0.082016,0.716779,0.201206
10859,0.086041,0.871298,0.042662
10860,0.169102,0.759133,0.071765
10861,0.03252,0.184572,0.782908
10862,0.091359,0.879953,0.028689
10863,0.2801,0.609437,0.110464
10864,0.082511,0.557813,0.359677
10865,0.103367,0.506069,0.390564
10866,0.382243,0.540962,0.076794
10867,0.050499,0.331552,0.617949
10868,0.017292,0.500035,0.482675
10869,0.032791,0.25903,0.70818
10870,0.293091,0.696028,0.010882
10871,0.073554,0.526825,0.399622
10872,0.087273,0.870347,0.042381
10873,0.355533,0.635615,0.008852
10874,0.500406,0.473048,0.026547
10875,0.024301,0.134823,0.840877
10876,0.235921,0.725936,0.038142
10877,0.072357,0.668206,0.259437
10878,0.113721,0.868714,0.017565
10879,0.412707,0.580658,0.006635
10880,0.040177,0.190283,0.76954
10881,0.090544,0.643798,0.265658
10882,0.071653,0.822473,0.105873
10883,0.069543,0.342056,0.588401
10884,0.264647,0.717452,0.017902
10885,0.131478,0.825686,0.042837
10886,0.031532,0.403573,0.564895
10887,0.082567,0.742489,0.174944
10888,0.027267,0.076796,0.895936
10889,0.01764,0.426297,0.556063
10890,0.054028,0.824016,0.121955
10891,0.061788,0.334097,0.604114
10892,0.032947,0.362629,0.604423
10893,0.067051,0.27864,0.654308
10894,0.028279,0.102231,0.869489
10895,0.105603,0.50064,0.393757
10896,0.663188,0.31876,0.018051
10897,0.070665,0.876067,0.053269
10898,0.794645,0.199569,0.005786
10899,0.120161,0.711162,0.168678
10900,0.031428,0.520666,0.447906
10901,0.050867,0.866954,0.082179
10902,0.069232,0.434398,0.49637
10903,0.051981,0.82471,0.123308
10904,0.287998,0.681859,0.030143
10905,0.151728,0.824654,0.023618
10906,0.046204,0.795207,0.158589
10907,0.026047,0.125594,0.848359
10908,0.40903,0.342722,0.248248
10909,0.038288,0.785901,0.17581
10910,0.071064,0.75245,0.176486
10911,0.084541,0.630103,0.285355
10912,0.100123,0.863254,0.036624
10913,0.838534,0.156599,0.004867
10914,0.022427,0.110545,0.867028
10915,0.050827,0.234395,0.714778
10916,0.088691,0.665161,0.246148
10917,0.043518,0.146331,0.810152
10918,0.053514,0.256345,0.690141
10919,0.08712,0.633468,0.279412
10920,0.045252,0.295364,0.659385
10921,0.311218,0.663458,0.025325
10922,0.028887,0.144744,0.826369
10923,0.247186,0.685951,0.066863
10924,0.060584,0.88533,0.054085
10925,0.031004,0.463946,0.50505
10926,0.712842,0.275712,0.011446
10927,0.707654,0.249383,0.042963
10928,0.91245,0.085793,0.001756
10929,0.043795,0.429762,0.526443
10930,0.021226,0.101907,0.876868
10931,0.225957,0.605386,0.168657
10932,0.574176,0.3692,0.056624
10933,0.620647,0.360091,0.019262
10934,0.076758,0.837211,0.086031
10935,0.023284,0.085505,0.891209
10936,0.064283,0.364958,0.570759
10937,0.091453,0.84573,0.062817
10938,0.125598,0.746691,0.127712
10939,0.118193,0.849294,0.032513
10940,0.018527,0.221134,0.760339
10941,0.764941,0.215217,0.019842
10942,0.023273,0.110915,0.865812
10943,0.234727,0.525032,0.240241
10944,0.087924,0.841354,0.070722
10945,0.058722,0.187595,0.753683
10946,0.065468,0.205183,0.729349
10947,0.039927,0.180052,0.780021
10948,0.390322,0.572244,0.037434
10949,0.029736,0.070992,0.899272
10950,0.144387,0.605119,0.250495
10951,0.154655,0.672232,0.173113
10952,0.456229,0.500926,0.042845
10953,0.103831,0.738538,0.157631
10954,0.058364,0.807955,0.133681
10955,0.109889,0.845064,0.045047
10956,0.067394,0.899294,0.033312
10957,0.090965,0.868163,0.040873
10958,0.053399,0.20921,0.737391
10959,0.396823,0.589901,0.013276
10960,0.137248,0.834507,0.028245
10961,0.093366,0.852595,0.054039
10962,0.422965,0.562549,0.014486
10963,0.030848,0.293374,0.675778
10964,0.35118,0.561767,0.087053
10965,0.058478,0.818862,0.12266
10966,0.045812,0.898997,0.055192
10967,0.411673,0.304739,0.283587
10968,0.577608,0.414632,0.00776
10969,0.537655,0.390783,0.071563
10970,0.061063,0.71926,0.219677
10971,0.128939,0.779834,0.091227
10972,0.039556,0.487954,0.47249
10973,0.056233,0.855156,0.088611
10974,0.030896,0.177752,0.791352
10975,0.346581,0.604888,0.048531
10976,0.307347,0.668169,0.024484
10977,0.478904,0.479384,0.041712
10978,0.086014,0.565751,0.348235
10979,0.067936,0.877469,0.054594
10980,0.036327,0.167604,0.79607
10981,0.027245,0.30662,0.666136
10982,0.466769,0.502487,0.030744
10983,0.129475,0.840161,0.030364
10984,0.038988,0.832522,0.12849
10985,0.010062,0.173546,0.816393
10986,0.265821,0.549049,0.185131
10987,0.036224,0.816647,0.147129
10988,0.323317,0.66296,0.013723
10989,0.022427,0.095667,0.881906
10990,0.017886,0.136064,0.846051
10991,0.693462,0.267994,0.038544
10992,0.397793,0.373407,0.228799
10993,0.073649,0.887566,0.038784
10994,0.011056,0.593125,0.395818
10995,0.186126,0.800913,0.012961
10996,0.582815,0.302711,0.114475
10997,0.127314,0.851368,0.021318
10998,0.117683,0.851395,0.030922
10999,0.066011,0.547646,0.386344
11000,0.025898,0.095806,0.878296
11001,0.095645,0.245458,0.658896
11002,0.067513,0.65943,0.273058
11003,0.082977,0.434206,0.482816
11004,0.244216,0.520089,0.235695
11005,0.530355,0.466227,0.003418
11006,0.073089,0.862495,0.064416
11007,0.103909,0.466037,0.430053
11008,0.173721,0.705714,0.120564
11009,0.417582,0.555559,0.026858
11010,0.640907,0.331024,0.028069
11011,0.617379,0.377685,0.004936
11012,0.169781,0.728558,0.10166
11013,0.792021,0.203396,0.004583
11014,0.061631,0.824937,0.113432
11015,0.012001,0.15971,0.82829
11016,0.030945,0.323792,0.645263
11017,0.116134,0.450614,0.433253
11018,0.652444,0.23537,0.112185
11019,0.064901,0.884037,0.051061
11020,0.094887,0.293993,0.611119
11021,0.151409,0.744796,0.103795
11022,0.056483,0.573296,0.370221
11023,0.269344,0.270931,0.459725
11024,0.063853,0.892427,0.04372
11025,0.767045,0.218507,0.014448
11026,0.068605,0.788007,0.143389
11027,0.027277,0.151277,0.821446
11028,0.038206,0.897248,0.064546
11029,0.015414,0.278175,0.706411
11030,0.376415,0.613337,0.010248
11031,0.069853,0.892136,0.038011
11032,0.287814,0.695711,0.016475
11033,0.188951,0.793536,0.017513
11034,0.239593,0.726818,0.033589
11035,0.245333,0.719926,0.034741
11036,0.237925,0.500477,0.261598
11037,0.157932,0.806046,0.036022
11038,0.03825,0.160254,0.801495
11039,0.150898,0.790493,0.05861
11040,0.113922,0.770198,0.11588
11041,0.091784,0.800645,0.10757
11042,0.060591,0.785055,0.154354
11043,0.875054,0.115397,0.00955
11044,0.088671,0.872118,0.039211
11045,0.35476,0.509625,0.135616
11046,0.596892,0.327002,0.076107
11047,0.179741,0.5111,0.309159
11048,0.923261,0.073429,0.003311
11049,0.160731,0.810015,0.029254
11050,0.030726,0.205233,0.764041
11051,0.016089,0.133834,0.850076
11052,0.140349,0.783209,0.076442
11053,0.444526,0.538145,0.017329
11054,0.917139,0.079217,0.003644
11055,0.030091,0.057057,0.912852
11056,0.030475,0.133468,0.836058
11057,0.014861,0.325153,0.659985
11058,0.166531,0.797504,0.035964
11059,0.046737,0.858882,0.094381
11060,0.327237,0.633669,0.039094
11061,0.011383,0.242078,0.74654
11062,0.05096,0.896327,0.052712
11063,0.136861,0.814408,0.048731
11064,0.178963,0.756874,0.064163
11065,0.623594,0.371961,0.004446
11066,0.02128,0.114286,0.864434
11067,0.068884,0.867954,0.063161
11068,0.071796,0.82425,0.103954
11069,0.226027,0.762355,0.011618
11070,0.118391,0.782575,0.099034
11071,0.299833,0.674548,0.025619
11072,0.039506,0.829944,0.13055
11073,0.146005,0.773868,0.080127
11074,0.021728,0.069631,0.908641
11075,0.252757,0.604784,0.142459
11076,0.899521,0.096585,0.003894
11077,0.128895,0.629433,0.241672
11078,0.895921,0.094846,0.009233
11079,0.058037,0.454591,0.487372
11080,0.030802,0.185541,0.783657
11081,0.050029,0.43596,0.51401
11082,0.025022,0.064937,0.910041
11083,0.048778,0.749359,0.201863
11084,0.033363,0.155012,0.811626
11085,0.164977,0.784621,0.050402
11086,0.149914,0.794831,0.055255
11087,0.274183,0.689002,0.036816
11088,0.021489,0.302947,0.675564
11089,0.039392,0.591636,0.368973
11090,0.239182,0.322117,0.438701
11091,0.356938,0.568586,0.074475
11092,0.030909,0.256776,0.712314
11093,0.716117,0.279585,0.004299
11094,0.086367,0.436156,0.477478
11095,0.873831,0.11689,0.009279
11096,0.368714,0.623578,0.007707
11097,0.019468,0.088911,0.891621
11098,0.670119,0.278307,0.051575
11099,0.022483,0.137038,0.84048
11100,0.034425,0.533679,0.431897
11101,0.027747,0.090654,0.881599
11102,0.029572,0.484069,0.486359
11103,0.089327,0.631364,0.279308
11104,0.028297,0.602829,0.368874
11105,0.160564,0.762552,0.076884
11106,0.059339,0.886307,0.054355
11107,0.012773,0.536556,0.450672
11108,0.051823,0.617673,0.330504
11109,0.842392,0.148827,0.008781
11110,0.049568,0.4944,0.456033
11111,0.441107,0.555074,0.003818
11112,0.145104,0.212139,0.642757
11113,0.136979,0.821005,0.042016
11114,0.547297,0.451358,0.001345
11115,0.021092,0.116966,0.861942
11116,0.081811,0.865442,0.052748
11117,0.299952,0.69144,0.008608
11118,0.077099,0.880362,0.04254
11119,0.067972,0.445671,0.486357
11120,0.01998,0.060589,0.919431
11121,0.082128,0.834988,0.082884
11122,0.214158,0.749815,0.036027
11123,0.057263,0.191301,0.751437
11124,0.184087,0.733291,0.082622
11125,0.135468,0.747321,0.11721
11126,0.039388,0.146207,0.814405
11127,0.029596,0.420489,0.549915
11128,0.045493,0.457434,0.497072
11129,0.061958,0.868853,0.069189
11130,0.255453,0.568948,0.175599
11131,0.059165,0.778543,0.162291
11132,0.051269,0.278296,0.670435
11133,0.180309,0.790021,0.02967
11134,0.066868,0.421172,0.51196
11135,0.014797,0.111603,0.8736
11136,0.024525,0.139116,0.836359
11137,0.019766,0.078107,0.902127
11138,0.148432,0.749103,0.102465
11139,0.103415,0.610271,0.286314
11140,0.057516,0.190926,0.751558
11141,0.068447,0.694362,0.23719
11142,0.800882,0.187984,0.011134
11143,0.021276,0.13269,0.846034
11144,0.039097,0.602846,0.358057
11145,0.018036,0.483185,0.498779
11146,0.051522,0.13275,0.815728
11147,0.078073,0.701096,0.220832
11148,0.039412,0.897773,0.062815
11149,0.016741,0.066289,0.91697
11150,0.025706,0.119839,0.854455
11151,0.064113,0.781004,0.154883
11152,0.022875,0.161047,0.816077
11153,0.033921,0.670952,0.295126
11154,0.108602,0.860489,0.030909
11155,0.033127,0.166578,0.800295
11156,0.016785,0.634762,0.348453
11157,0.171418,0.801447,0.027135
11158,0.162869,0.723394,0.113737
11159,0.14253,0.391779,0.465691
11160,0.362608,0.616848,0.020545
11161,0.048204,0.479863,0.471933
11162,0.089369,0.777303,0.133329
11163,0.792178,0.196816,0.011007
11164,0.079067,0.597587,0.323347
11165,0.124107,0.811805,0.064088
11166,0.018079,0.100754,0.881167
11167,0.615223,0.378117,0.00666
11168,0.283532,0.664429,0.052039
11169,0.808276,0.153077,0.038647
11170,0.019442,0.232961,0.747597
11171,0.024353,0.462889,0.512758
11172,0.204643,0.785315,0.010042
11173,0.20215,0.770288,0.027562
11174,0.026009,0.407108,0.566883
11175,0.032325,0.103831,0.863844
11176,0.031817,0.512153,0.456031
11177,0.019212,0.06169,0.919099
11178,0.014603,0.103585,0.881812
11179,0.882308,0.115084,0.002608
11180,0.012706,0.296434,0.690861
11181,0.458585,0.489888,0.051528
11182,0.118758,0.73329,0.147952
11183,0.132344,0.846394,0.021261
11184,0.052935,0.631004,0.316061
11185,0.031695,0.306956,0.661349
11186,0.397456,0.565719,0.036825
11187,0.022623,0.113369,0.864007
11188,0.689906,0.263288,0.046806
11189,0.053197,0.575257,0.371545
11190,0.028117,0.539416,0.432466
11191,0.846507,0.13807,0.015424
11192,0.041609,0.708504,0.249888
11193,0.016794,0.216171,0.767035
11194,0.822697,0.154431,0.022872
11195,0.06489,0.46899,0.46612
11196,0.079335,0.787082,0.133583
11197,0.08322,0.819179,0.097601
11198,0.2233,0.44858,0.32812
11199,0.838761,0.151537,0.009702
11200,0.102748,0.808703,0.088549
11201,0.090023,0.409171,0.500806
11202,0.023664,0.095669,0.880667
11203,0.35937,0.620523,0.020107
11204,0.029082,0.168982,0.801936
11205,0.029385,0.592876,0.37774
11206,0.010953,0.23398,0.755067
11207,0.447668,0.526842,0.02549
11208,0.050045,0.802552,0.147402
11209,0.04118,0.689258,0.269562
11210,0.172605,0.816847,0.010549
11211,0.318445,0.533935,0.14762
11212,0.081389,0.857938,0.060673
11213,0.6896,0.265302,0.045098
11214,0.048778,0.869199,0.082023
11215,0.115445,0.690674,0.193882
11216,0.064082,0.84703,0.088887
11217,0.032515,0.130216,0.837269
11218,0.081528,0.852406,0.066066
11219,0.024617,0.157967,0.817416
11220,0.036927,0.170068,0.793006
11221,0.182374,0.668815,0.148812
11222,0.042421,0.755324,0.202255
11223,0.642116,0.352047,0.005837
